time,x,y,z,phi,theta,psi,x_velocity,y_velocity,z_velocity,phi_velocity,theta_velocity,psi_velocity,rotor_speed1,rotor_speed2,rotor_speed3,rotor_speed4
0.06,3.692322687591295e-10,8.774585746432549e-16,0.02616703263318591,3.5793590313915047e-13,6.283185075019013,0.0,3.729125785666784e-08,8.77458574643255e-14,0.8720018185004064,8.698305973433658e-12,-1.1666158144086507e-05,0.0,899.9998429213169,899.9993709179467,-0.00018917278683141704,0.0014170774358544349
0.12000000000000001,1.9996274632282713e-08,2.5959359370814304e-14,0.10455996428466997,8.43769498715119e-13,6.283183299672121,0.0,8.807436866733284e-07,8.565314924563887e-13,1.7402063387722684,6.903576344172591e-12,-6.67038752725964e-05,0.0,899.9989682477816,899.9967416707352,-0.00036156300160685654,0.0016270654481079692
0.18,1.9468911825285477e-07,1.1685388346392207e-13,0.23481919206489593,9.29034627006331e-13,6.283177579651031,0.0,5.972890499033816e-06,2.225332102556886e-12,2.600237787286117,-9.485734129800158e-12,-0.00015592065506040564,0.0,900.0007140369972,899.9971057445595,-0.0010960300913752299,-8.652944412442182e-05
0.23999999999999996,9.617870603568297e-07,2.8466438267371736e-13,0.41632637864693867,6.283185307179156,6.28316774852788,0.0,2.161420077940581e-05,3.1618273798764827e-12,3.4478601554061696,-4.8914831094054054e-11,-0.00017995852367560673,0.0,899.9989069061825,899.9979378977796,-0.0016947002055556523,0.00015732499363174944
0.3,3.092537957604769e-06,4.315229928313223e-13,0.6482160001998234,6.2831853071753265,6.283157237608993,0.0,5.159433336961675e-05,1.0264830645840503e-12,4.279081397916457,-9.376417450067473e-11,-0.00016571174761448768,0.0,899.9986112914415,899.9991919569167,-0.0018216039637819173,-0.0002267650227700252
0.36000000000000004,7.447855822674491e-06,2.698793351885161e-13,0.9293919128562399,6.28318530716953,6.283146550456454,0.0,9.561872481343714e-05,-7.579269513319727e-12,5.090216109285311,-1.0219425464475643e-10,-0.0002035348058443183,0.0,900.0006547290865,899.9991280836992,-0.0008073987826682076,-0.00019454350512399248
0.4200000000000001,1.4883756432021278e-05,-6.489288869040987e-13,1.258547424725781,6.283185307162782,6.283133582095729,0.0,0.00015465170961231808,-2.4315682694784935e-11,5.877939388771984,-1.3304435370485444e-10,-0.00024196857734733854,0.0,899.9997264044168,899.9981758817618,-0.0014990383661811545,0.0019765276646640587
0.48000000000000015,2.637454142792212e-05,-2.850234820444401e-12,1.6341888868689307,6.283185307154799,6.283117634763682,0.0,0.0002311839338743639,-5.057806277673011e-11,6.639349960659074,-1.330497626721739e-10,-0.00031570376451873144,0.0,900.0002973659757,899.9973191525012,-1.9849138178523913e-05,0.0018527123312885771
0.5400000000000001,4.3075880472363485e-05,-6.929410851611422e-12,2.0546618452268848,6.283185307146628,6.283098446254359,0.0,0.00032893156149731807,-8.685372198489767e-11,7.371992436439226,-1.4243407747850228e-10,-0.00032808330345996333,0.0,899.999709240884,899.9992155965567,-0.0008267719825148125,0.0025174976672032562
0.6000000000000002,6.632863405367879e-05,-1.3482351048869099e-11,2.5181781111067734,6.283185307138057,6.283077811645752,0.0,0.00044957410746868337,-1.3304606225409844e-10,8.073865749982968,-1.4365083453823988e-10,-0.00037654840718210004,0.0,899.9994557267656,899.9975020124427,-0.000297705188841659,0.002157050176505497
0.6600000000000003,9.753471248596014e-05,-2.309877379165642e-11,3.0228437042246594,6.283185307129436,6.283054374261965,0.0,0.0005943552775437434,-1.8889148610762654e-10,8.74344379632668,-1.4365083453796388e-10,-0.00041954800371009907,0.0,900.0000262596149,899.9982948077866,0.000580912493040063,0.001404288329927084
0.7200000000000003,0.0001381982472209438,-3.634097650414855e-11,3.5666865458915917,6.283185307120814,6.283028485726444,0.0,0.0007650296396669807,-2.5381448259130677e-10,9.379646933867184,-1.436508345376879e-10,-0.00045588535675713214,0.0,900.0002213109065,899.9987604376231,0.001725245548507315,0.00212829500183807
0.7800000000000004,0.00018990711651642656,-5.3735171521449357e-11,4.147682862373295,6.283185307112191,6.28300048215759,0.0,0.0009626395145103172,-3.272006054636724e-10,9.981827635994534,-1.436508345374119e-10,-0.0004888649327322054,0.0,900.0004434560032,899.9991192829661,0.0026442150378128896,0.0007104337006355276
0.8400000000000004,0.0002542941766673833,-7.577095416364199e-11,4.7637821780501275,6.283185307103569,6.282970917572495,0.0,0.00118765278812909,-4.0844598204282437e-10,10.549738222891108,-1.436508345371359e-10,-0.0005005577901306549,0.0,900.000189976365,899.9997280576825,0.003429371827692926,0.0012337373638767438
0.9000000000000005,0.0003329918097849714,-1.0290231242698287e-10,5.4129302592600155,6.283185307094946,6.282940040226004,0.0,0.0014395335058560693,-4.969690330425647e-10,11.083495133135754,-1.436508345368599e-10,-0.0005435262699337839,0.0,900.0014053305787,899.9996778550177,0.002654209730418462,0.002332207504690413
0.9600000000000005,0.00042760807777967306,-1.3554922549932618e-10,6.093089546947669,6.283185307086324,6.2829062244526845,0.0,0.0017184273537168499,-5.922188647923462e-10,11.583531339973495,-1.4365083453658391e-10,-0.0006053354784029364,0.0,900.0015660154969,899.9990769394594,0.0028127599537651673,0.0019637805838154465
1.0200000000000005,0.0005398051609263671,-1.740997436429648e-10,6.8022571433331125,6.2831853070777015,6.282869209758145,0.0,0.002025803110076721,-6.936829348318621e-10,12.050562541845798,-1.4365083453630792e-10,-0.0006405858113620737,0.0,900.002016966643,900.0006042171468,0.0022634770927184448,0.0011509423436146609
1.0800000000000005,0.0006713220401540934,-2.1891241339318072e-10,7.538480080838443,6.283185307069079,6.282830356693383,0.0,0.002362415749177367,-8.008909038884678e-10,12.485530843990759,-1.4365083453603193e-10,-0.0006616694077493805,0.0,900.0024264468695,900.0015878788785,0.0018486467014476587,0.00046498978370795364
1.1400000000000006,0.0008239019446026678,-2.7031891084595483e-10,8.299867710021909,6.28318530706046,6.282791353769035,0.0,0.0027277139122084478,-9.134173671305164e-10,12.889565099135023,-1.4355433559504743e-10,-0.0006272955438977645,0.0,900.0013601103425,900.002766678568,0.0014193830794813303,-8.383893248268192e-05
1.2000000000000006,0.0009991953856425175,-3.286266564083163e-10,9.084601707520703,6.283185307051848,6.282754986453739,0.0,0.0031189329736689294,-1.030878984538347e-09,13.263941401735286,-1.4355433559477182e-10,-0.0005653651830457286,0.0,900.000432638771,900.0029538214698,0.001388576415942245,7.057276142539997e-05
1.2600000000000007,0.0011986238884803839,-3.941212498996679e-10,9.890943963121137,6.283185307043507,6.282722860456509,0.0,0.0035314510165026097,-1.1529152954748273e-09,13.61005193898986,-1.2996225372992843e-10,-0.00047868915279169767,0.0,900.0016018412696,900.0051232520447,0.00042434765189716575,-0.0009950100277801093
1.3200000000000007,0.0014233018772101494,-4.670589722844271e-10,10.7172417857545,6.283185307034227,6.2826960839528745,0.0,0.003959721217750004,-1.2789539498634482e-09,13.929347194447855,-2.041247583731217e-10,-0.00038508595439230284,0.0,900.0004564678694,900.0042563261684,-0.002324216933983386,0.00040942606337882764
1.3800000000000008,0.001674003516302492,-5.477206451739302e-10,11.561931207400418,6.283185307021979,6.282673887394509,0.0,0.004398153958494623,-1.4108262331709253e-09,14.223329817805292,-2.0422627617414592e-10,-0.0003404795234769743,0.0,900.0003628427745,900.0021773372353,-8.599150877336859e-05,0.0015333711495549025
1.4400000000000008,0.0019512176709382974,-6.365051662661863e-10,12.42353914798002,6.283185307009724,6.282653795064373,0.0,0.004843127663115512,-1.5496652863796372e-09,14.493523122995741,-2.0422627617358811e-10,-0.0003237716929693392,0.0,900.0009195858219,900.0016038003214,0.00063300659874287,0.0005742491453641337
1.5000000000000009,0.002255284880680033,-7.338209100735191e-10,13.300683848375028,6.283185306997467,6.282633890777451,0.0,0.005293167163114044,-1.6951572006195693e-09,14.741444834662769,-2.042262761730303e-10,-0.00034791689324470003,0.0,900.0027890048187,900.0018191943111,0.0008993756482499179,0.000577320999606858
1.560000000000001,0.0025865126064550095,-8.40058768013875e-10,14.192073687415569,6.28318530698521,6.282612660896618,0.0,0.005748642438180805,-1.8470329334118884e-09,14.968579511085997,-2.042262761724725e-10,-0.0003657956809613171,0.0,900.0017875381789,900.0010719305598,0.00031312142118939605,0.0004010836653941079
1.620000000000001,0.002945257249899098,-9.555949630386054e-10,15.096505391777084,6.283185306972953,6.282590163640048,0.0,0.0062105339037612246,-2.005072289961153e-09,15.176385435786983,-2.042262761719147e-10,-0.00039359699193129217,0.0,900.0028300860334,900.0017132378197,0.00041201322970849813,0.0004340748219410184
1.680000000000001,0.0033319359932795648,-1.080793769100653e-09,16.012861516544262,6.2831853069607,6.28256607205471,0.0,0.006679967584078743,-2.169096219543021e-09,15.366263888237555,-2.0410081767295594e-10,-0.00041762892886868213,0.0,900.0031601002315,900.0021964658865,0.00026222752326078065,-9.559485293718513e-05
1.740000000000001,0.0037470368993319176,-1.216009718906934e-09,16.940107007862668,6.283185306948534,6.2825412477806335,0.0,0.007158063265937603,-2.338953669431489e-09,15.539558864445883,-2.001298507363485e-10,-0.00040601064024611334,0.0,900.0027054479942,900.0031854476704,-0.00014704436090205622,-0.0005575541295306348
1.8000000000000012,0.004191088548723176,-1.3615866113581303e-09,17.877285514630408,6.283185306936684,6.282516987240911,0.0,0.007644928486099143,-2.5144175485334147e-09,15.697549067959804,-1.92146933097403e-10,-0.0004010154797291605,0.0,900.0026878110999,900.0028994474036,-0.0002971007864320428,-0.0008183784298879021
1.8600000000000012,0.004664608070883428,-1.5178508057004529e-09,18.82351531510941,6.2831853069251515,6.282492758525104,0.0,0.008140322194643213,-2.6951465971117023e-09,15.841443017689022,-1.9214693309690926e-10,-0.0004094354284299623,0.0,900.0017939675367,900.0014624538646,0.001663035279667965,0.0002521702878406578
1.9200000000000013,0.005168113598782993,-1.6851117994960929e-09,19.777985380075336,6.283185306913801,6.282467134789066,0.0,0.00864458133469936,-2.8809650099014813e-09,15.972388269311402,-1.8308282822570932e-10,-0.00046354255077960986,0.0,900.0035221940827,900.0013414730579,-0.00043355056759312636,-0.0009209744664742202
1.9800000000000013,0.005702180514811812,-1.863667789999864e-09,20.739951026061533,6.28318530690413,6.282438937245015,0.0,0.009159359744720834,-3.0715306487657454e-09,16.09144894814549,-1.1735986710411823e-10,-0.00048295149301063554,0.0,900.0019404121256,900.0011655010829,0.00016915098896730547,-0.0021879783880287477
2.0400000000000014,0.006267490242118394,-2.0537565587139374e-09,21.708729557012674,6.2831853068983605,6.282409445941127,0.0,0.009686149731496873,-3.264994956415969e-09,16.199627194618664,-5.3716760785378834e-11,-0.0005089470319054527,0.0,900.0021863325674,900.0011452389222,0.0020949643657834005,-0.0021530799225087313
2.1000000000000014,0.006864794460436416,-2.2554747669716085e-09,22.68369613939443,6.283185306895437,6.282378776863887,0.0,0.010225997287760278,-3.458860529986378e-09,16.297849963916676,-3.878793381687323e-11,-0.0005155789558052294,0.0,900.0011897586076,900.0009330997332,0.001983787601995551,-0.00104279108347146
2.1600000000000015,0.007494899642134601,-2.468803177432598e-09,23.664279563424433,6.283185306893394,6.28234777782172,0.0,0.010779567473515727,-3.6519394910989406e-09,16.38697809765244,-2.4650476719998187e-11,-0.0005187989216854722,0.0,900.0001398328936,900.0000214425173,0.004220730002525042,-0.0010147758351043605
2.2200000000000015,0.008158638483472876,-2.6936827526978403e-09,24.649958615408313,6.283185306891941,6.282316868426047,0.0,0.011347142562061078,-3.8438554959207355e-09,16.467817569295732,-2.3361112047197378e-11,-0.0005079198947566927,0.0,900.0016147354398,900.0020671518445,0.0033862669635444168,-0.00030645897891562425
2.2800000000000016,0.008856850870696596,-2.9300400736142603e-09,25.64025818141224,6.283185306890541,6.282285921945142,0.0,0.01192867627255422,-4.034551525678041e-09,16.541099717292724,-2.322520531154931e-11,-0.0005317233220067742,0.0,900.0029811322217,900.0020293386146,0.0018152240762910692,-9.949584790388015e-05
2.3400000000000016,0.009590386149918959,-3.177806347338426e-09,26.634745264166796,6.283185306889209,6.282253987221226,0.0,0.012524712427001768,-4.2241752194710945e-09,16.607497585787815,-2.00352931106423e-11,-0.0005332907733217885,0.0,900.0020436822368,900.0019925566096,-0.0002729182333889384,-0.0005539287228040445
2.4000000000000017,0.010360132879453183,-3.4369202430394483e-09,27.633025716553878,6.283185306888017,6.282223219237791,0.0,0.013135694254629786,-4.412812855791951e-09,16.667633580685756,-1.942493224592044e-11,-0.000473309189777505,0.0,900.0004636438399,900.002904100995,0.0015851279665739047,-0.00021085203973014277
2.4600000000000017,0.011166958073089248,-3.707324991653861e-09,28.634741239340205,6.283185306886853,6.2821957188049335,0.0,0.01376036072817742,-4.600555211346116e-09,16.72208070483352,-1.942493224591539e-11,-0.00042920809944636205,0.0,900.0013355175046,900.003131748089,0.0003251254539144287,0.0003053968473691398
2.520000000000002,0.012011628847713571,-3.988970632009631e-09,29.639566192732012,6.2831853068856915,6.282170477118527,0.0,0.014397013413303723,-4.787528850719418e-09,16.7713552355561,-1.942493224591034e-11,-0.0004039311571439725,0.0,900.000521942141,900.0015551472768,0.0026132914977944613,0.0003181502939237284
2.580000000000002,0.012894830845573208,-4.2818149439747424e-09,30.64720479973857,6.28318530688453,6.2821475408369984,0.0,0.015044587698127054,-4.973862485551446e-09,16.81593669764717,-1.942493224590529e-11,-0.0003406142040191167,0.0,899.9992098610924,900.0017823800491,0.0032433367668799813,0.001183864156334613
2.640000000000002,0.01381717501230611,-4.585823112760661e-09,31.6573887433112,6.283185306883368,6.282128650449174,0.0,0.015701421493801805,-5.159674112769943e-09,16.856261399288726,-1.942493224590024e-11,-0.00026562458845651675,0.0,899.9986228739057,900.0016664558649,0.0020804246277646727,0.0028100567805293057
2.700000000000002,0.014779146535725096,-4.900967096722845e-09,32.669874694352174,6.283185306882206,6.282113422637664,0.0,0.016365161267485693,-5.345071618387457e-09,16.89272643223627,-1.942493224589519e-11,-0.00023064672685299138,0.0,899.9990316269506,900.0004537616595,0.0019747779457590614,0.0017976160301418154
2.760000000000002,0.015781106680625056,-5.2272250457010175e-09,33.68444206131114,6.283185306881045,6.282100209607393,0.0,0.017034225279344218,-5.530153604835445e-09,16.925693062343306,-1.9424932245890138e-11,-0.00019975183457632975,0.0,899.9985198215023,899.9997758639516,0.002474324993661762,0.0006529081571939985
2.820000000000002,0.016823345653980654,-5.56458082512546e-09,34.70089112908735,6.283185306879883,6.282089541929022,0.0,0.01770762418700289,-5.7150120616635915e-09,16.95549622094961,-1.9424932245885088e-11,-0.00013558750857321677,0.0,899.9990223931305,900.0016244976237,0.0019310823264139813,0.0005561321690853188
2.880000000000002,0.01790607753784432,-5.913023503826435e-09,35.71904110650845,6.283185306878721,6.282082885785476,0.0,0.018383667461232555,-5.899728576930325e-09,16.982432287418018,-1.9424932245880038e-11,-6.377192093304904e-05,0.0,899.99922402149,900.0021343623692,0.0015266096614477026,0.0006566879165344142
2.940000000000002,0.019029393577562302,-6.27254683921075e-09,36.738728170143254,6.2831853068775505,6.282079920559269,0.0,0.0190601047029904,-6.08437841790188e-09,17.006770823628564,-1.973352628701518e-11,-2.1458063880656912e-05,0.0,899.9994433122473,900.0011577162522,-0.00014992644202516678,0.0013129783204793109
3.000000000000002,0.0201932625824762,-6.643148990186799e-09,37.75980398082914,6.283185306876586,6.282079573199027,0.0,0.019735236038224344,-6.269023709760005e-09,17.028758707602027,-8.77495474887633e-12,2.466755859704647e-05,0.0,899.998929936782,900.0007976554516,-3.486750472096904e-05,-0.0008941119892531993
3.0600000000000023,0.021397564615440182,-7.024825845880042e-09,38.7821343439218,6.283185306876058,6.282082313450143,0.0,0.02040764247115535,-6.453494987295928e-09,17.048620840647143,-8.774954748875302e-12,8.611222522698973e-05,0.0,899.9984095482986,900.0008963193853,0.0003891819409334394,0.0014227214840112157
3.1200000000000023,0.022642084743595442,-7.417562880079041e-09,39.80559802962377,6.283185306875531,6.282087881556411,0.0,0.02107558077190379,-6.637704701155382e-09,17.06656471613726,-8.774954748874275e-12,0.00010601830862460675,0.0,900.0003945460417,900.0011983494346,0.00038746758302453095,0.002032020701598572
3.1800000000000024,0.02392651804102099,-7.821346017189371e-09,40.8300854655757,6.283185306875003,6.2820941205279475,0.0,0.0217380291678223,-6.821706031328553e-09,17.082771790429806,-8.774954748873247e-12,9.989555533267171e-05,0.0,900.001315759973,900.0010654215124,0.0018317544114187742,0.001865795776820157
3.2400000000000024,0.025250533850417704,-8.236164221073647e-09,41.85549744138017,6.283185306874476,6.282099999993525,0.0,0.022395058707672173,-7.0055471811404735e-09,17.097406247467703,-8.77495474887222e-12,9.416776452565544e-05,0.0,900.0008825162696,900.0006483091464,0.0008998932107552218,0.0005606802520795725
3.3000000000000025,0.026613818537534112,-8.662009234749007e-09,42.881744294705925,6.283185306873989,6.28210633546691,0.0,0.02304701171418373,-7.189270723260426e-09,17.110622307131546,-6.726161914061947e-12,0.00012796648892611018,0.0,900.0005989450868,900.0019649513839,0.00014516509102986653,-0.0003863078115476297
3.3600000000000025,0.02801605686995649,-9.098873060043272e-09,43.90874500162332,6.283185306875165,6.282114598536548,0.0,0.023693360724687407,-7.3727672450901656e-09,17.122553989023064,7.228037742721851e-11,0.0001568759695493864,0.0,900.0003758189525,900.0015431148787,0.0007680894283783398,-0.0023989212217826587
3.4200000000000026,0.02945688282108755,-9.54669969907558e-09,44.936426304541655,6.283185306879956,6.282125328313626,0.0,0.024333099219183443,-7.554332670038082e-09,17.13332627747721,9.495423546349517e-11,0.00022103020365765329,0.0,899.9996780575193,900.002271431476,0.0016827070868240903,-0.0012851303448346667
3.4800000000000026,0.030935853963795796,-1.000532035403168e-08,45.96472206677078,6.2831853068856525,6.282138850096429,0.0,0.024964593961217182,-7.732473641363249e-09,17.143051731226706,9.495423546337459e-11,0.0002339607145851811,0.0,900.0009043812278,900.0014226628016,0.0011711213890718225,0.0009353495657586234
3.5400000000000027,0.032452439515981216,-1.0474518728063621e-08,46.99357256408887,6.2831853068913865,6.2821522087736525,0.0,0.025586903830613884,-7.906927456881842e-09,17.151831702404884,9.676169295427988e-11,0.00019951362489319392,0.0,900.0020818939208,900.0006819698895,0.0015099383742821655,-0.0003628428026568877
3.6000000000000028,0.03400610344045657,-1.0954073735910568e-08,48.02292387057428,6.283185306897195,6.282164005626935,0.0,0.026200716985561485,-8.077691704424026e-09,17.159758250706055,9.676169295415468e-11,0.00019078253713129028,0.0,900.0019417219572,900.0015836148851,0.002388467920617333,0.0009408932611238297
3.660000000000003,0.035596362641199045,-1.1443763949401101e-08,49.05272725006941,6.2831853069030945,6.282174562882554,0.0,0.026806837900413005,-8.244768284416246e-09,17.16691247083718,1.013784549437304e-10,0.0001454350849260959,0.0,900.0025468872741,900.0007067066397,0.004155922144850884,-0.0005799001347644754
3.720000000000003,0.03722278629069309,-1.1943366503937134e-08,50.08293861425213,6.283185306909331,6.282184013536249,0.0,0.027406380376408305,-8.408080449936004e-09,17.173368300324142,1.0917860638408666e-10,0.00018113601365468888,0.0,900.0004567530383,900.0018985699429,0.003610684149103425,-0.0007537650284480211
3.780000000000003,0.03888498739999748,-1.2452649837864753e-08,51.11351819935128,6.283185306915881,6.282194951097939,0.0,0.02799927154545307,-8.567430183047618e-09,17.179196007094934,1.0917860638392726e-10,0.00018460149585292827,0.0,900.0014458288193,900.0015818818358,0.0031580421905487207,0.0003704285955823225
3.840000000000003,0.04058254853832117,-1.2971372798537782e-08,52.144430134347736,6.28318530692243,6.282205933032111,0.0,0.02858504707115405,-8.722738057699423e-09,17.184455239095062,1.0917860638376786e-10,0.00017988384111160347,0.0,900.0015084910976,900.0013131994968,0.001087394403814227,0.00046309964926478513
3.900000000000003,0.042315045144411256,-1.349929354698862e-08,53.175642052179214,6.28318530692898,6.2822171960988715,0.0,0.029163796100227186,-8.874026104050615e-09,17.189203182615074,1.0917860638360846e-10,0.0002031628314243566,0.0,900.00145113935,900.0023892976814,0.0017336082777361299,0.0005762023978395467
3.960000000000003,0.04408204719274344,-1.4036171278369047e-08,54.20712469022046,6.283185306935788,6.282229774248023,0.0,0.029735117523607923,-9.021295365063299e-09,17.193486294403115,1.2207494082460142e-10,0.0002224295823397877,0.0,900.0009968377502,900.0017720346019,0.002539107227858455,-0.0009692093840650731
4.020000000000002,0.04588308760026117,-1.4581758381979957e-08,55.238851602591815,6.283185306943427,6.2822440899615195,0.0,0.03029828769153662,-9.164270517824067e-09,17.197351992938763,1.3777093401557337e-10,0.0002699900683726333,0.0,900.0005823428859,900.0025024600166,0.0021667512366138494,-0.0010692490366192703
4.080000000000001,0.047717642986547605,-1.5135782246125236e-08,56.270798925382636,6.283185306952259,6.28226075999444,0.0,0.030852062275443706,-9.302429457217836e-09,17.20083905596704,1.6609856678244675e-10,0.0002932981124242591,0.0,900.0006355671394,900.0015728103937,0.001574074431259944,-0.0014364470066940858
4.14,0.04958511388435654,-1.569793122263389e-08,57.30294523011699,6.283185306962224,6.282278535876731,0.0,0.031395367869106024,-9.434985389326455e-09,17.203989830930844,1.6609856678207778e-10,0.0003021662480517884,0.0,900.0022301783293,900.0025823339092,0.0022952736316939996,0.000105817214818667
4.199999999999998,0.05148485642691636,-1.6267854589974998e-08,58.33527114847576,6.283185306972197,6.282296481149224,0.0,0.03192775868134851,-9.561577293551542e-09,17.206830881720304,1.6644102615820169e-10,0.0002928941290564734,0.0,900.0019201956223,900.00153780411,-9.053531797057965e-07,-0.00015794145437495897
4.259999999999997,0.05341621713516635,-1.684519473398266e-08,59.3677591063462,6.283185306982162,6.282314043193434,0.0,0.03244935296472325,-9.6822125089438e-09,17.209395350626806,1.6535027795990668e-10,0.0002923137383166762,0.0,900.0020067545114,900.0019764306033,-0.0002818686132883818,0.0014261360764524851
4.319999999999996,0.055378554649424414,-1.742959511214547e-08,60.40039324986635,6.283185306991818,6.2823310457124695,0.0,0.032960349124363415,-9.79693626413884e-09,17.211707570919433,1.520002721692502e-10,0.00026518845145912033,0.0,900.0019657857249,900.0008609014468,-0.000986109616054799,0.0024761686672598164
4.379999999999995,0.0573712484038683,-1.8020710261904718e-08,61.43315923254111,6.283185306998853,6.282347075043177,0.0,0.03346134575519097,-9.906189209663839e-09,17.21379343040861,4.7694344226395145e-11,0.0002710759387646543,0.0,900.0011283441445,900.0013604907931,-0.0027563791894432365,0.002429853928063576
4.439999999999993,0.0593937095426879,-1.8618275221321242e-08,62.46604416539751,6.283185306999833,6.282364597101699,0.0,0.03395251646043983,-1.001246955152557e-08,17.21567567403258,-4.630918259753219e-11,0.0003323923004013619,0.0,900.000047723132,900.0025235708551,-0.002616715703408716,0.001942335389761811
4.499999999999992,0.06144531354471887,-1.9222217911721963e-08,63.499036428702844,6.283185306993982,6.282384478623527,0.0,0.03443251454446203,-1.0119326265847973e-08,17.217373912356145,-1.9991957690810972e-10,0.00032928707906587347,0.0,900.001308557031,900.0011751105774,-0.003344989576664201,0.0016991646163032814
4.559999999999991,0.06352536061260593,-1.9832703936453035e-08,64.53212559441404,6.2831853069804,6.282404176539078,0.0,0.034900637659048814,-1.0231321631598173e-08,17.218908248098476,-2.7921366980759807e-10,0.0003263175686898561,0.0,900.0019434121449,900.0018155313182,-0.0024032828341981624,0.0025208060539501035
4.6199999999999894,0.06563314171699419,-2.0450163841870606e-08,65.5653021839066,6.283185306963539,6.282423999813618,0.0,0.035356987230750835,-1.0352139995636408e-08,17.220290355211343,-2.845566569528294e-10,0.0003384686110492746,0.0,900.0008950377639,900.0013793267999,-0.000623844759917902,0.002991372444584663
4.679999999999988,0.06776794629146361,-2.1075172007820715e-08,66.59855759473334,6.283185306945494,6.282444111454296,0.0,0.03580137769423754,-1.0482995736373533e-08,17.22153767780648,-3.3314628555268143e-10,0.0003286030064328559,0.0,900.0014200645692,900.0010128077876,-0.0018812922073297336,0.003692117833519344
4.739999999999987,0.06992905645911601,-2.1708358880531118e-08,67.63188408982718,6.283185306925461,6.282463061929221,0.0,0.036233918527254,-1.0624977495069625e-08,17.222661707517208,-3.3547494744150416e-10,0.000289681594126829,0.0,900.0015540949444,899.9999708454515,-0.000411848686002445,0.0017607618694723596
4.799999999999986,0.07211578724520785,-2.2350418847210168e-08,68.6652746323167,6.283185306905034,6.282480235321234,0.0,0.03665558049641788,-1.0778788577637156e-08,17.223674287142163,-3.503487939671756e-10,0.0002792598320589866,0.0,900.0004600513506,900.0000314088536,-0.0010408690972837761,0.0020736827238928323
4.859999999999984,0.07432751204373991,-2.3002070896930324e-08,69.69872287600677,6.283185306883684,6.282497425635739,0.0,0.037067080248423374,-1.0944792758775063e-08,17.22458660754719,-3.666971528138526e-10,0.00030080537877037717,0.0,899.999393563564,900.0002592456451,-0.001091243193327253,0.0030420310590270902
4.919999999999983,0.07656361657741069,-2.366406381171941e-08,70.73222324944912,6.283185306860432,6.282513793658605,0.0,0.037468216397082955,-1.1123609780191723e-08,17.225413250568906,-4.2925415022189546e-10,0.00021361147021636546,0.0,900.0027006894742,899.9991639450847,-0.0021346290456681133,0.0023575301590109954
4.979999999999982,0.07882351383492658,-2.433720783707181e-08,71.7657707674977,6.28318530683433,6.282525171627089,0.0,0.037860620078438746,-1.131678451249215e-08,17.226159319387815,-4.465357834156683e-10,0.00013936938361431715,0.0,900.0025038142226,899.9994934027208,-0.0011219586683165156,0.0020973164409233986
5.0399999999999805,0.0811067654490305,-2.5022406238086007e-08,72.79936070549672,6.283185306807477,6.282533040873451,0.0,0.038247046013240006,-1.1525500278623404e-08,17.226828419478828,-4.4952589291552963e-10,0.00011446186824925949,0.0,900.0002142131198,899.999202660633,-0.00046668948232273194,0.0026277016562800196
5.099999999999979,0.08341306613115593,-2.5720602279793562e-08,73.83298871187188,6.283185306780172,6.282539051975329,0.0,0.03862906928710392,-1.1750066497077932e-08,17.22742930359843,-4.661414912569256e-10,7.083263376017767e-05,0.0,899.9996975419707,899.9979286877555,-0.0013380471460963557,-0.0007616382200874012
5.159999999999978,0.08574218785622953,-2.643275606533358e-08,74.86665098516384,6.283185306754024,6.282543208843302,0.0,0.03900794434056227,-1.1990751308383905e-08,17.22797154233778,-3.751725424055019e-10,6.61684679546623e-05,0.0,899.9989407583666,899.9987502862448,-0.0007567367992408417,-0.002683060473941592
5.219999999999977,0.0880939682580115,-2.7159795161160615e-08,75.90034417483075,6.283185306732378,6.282545709350265,0.0,0.039384441623806755,-1.2245808823081303e-08,17.22846065824502,-3.3192101551855296e-10,-9.721018032971438e-06,0.0,900.000349340946,899.9972756755293,-0.0003712397512976694,-0.0018133540447900318
5.279999999999975,0.09046830716066945,-2.790251149897021e-08,76.93406531197174,6.283185306712781,6.282544101092013,0.0,0.03976027469374377,-1.2513123292333394e-08,17.2289038227057,-3.160904189304278e-10,-6.212171551016626e-05,0.0,900.0004738977806,899.9983528727879,-0.0004584813763121303,-0.0011676057397129276
5.339999999999974,0.09286523271393239,-2.8661609682683836e-08,77.96781157221575,6.283185306693419,6.282539905639844,0.0,0.04013758177860956,-1.2791818811888718e-08,17.229298827258205,-3.359677480267911e-10,-8.576513464840318e-05,0.0,899.9983599322894,899.9974042679277,-0.0016266580887847385,-0.0010946027735249378
5.399999999999973,0.09528487396034226,-2.9437774782487574e-08,79.00158035295398,6.283185306673264,6.282534357687236,0.0,0.04051758595478997,-1.3082107042785782e-08,17.229655095236033,-3.3592236138549034e-10,-0.00010604126234099349,0.0,899.998265863368,899.9974470648508,-0.000241540192299157,-0.000248289387005274
5.4599999999999715,0.09772741575214981,-3.0231712819973034e-08,80.03536949081487,6.283185306653024,6.282528186362564,0.0,0.04090101406464207,-1.338425383923421e-08,17.229977907179205,-3.401171251973445e-10,-9.65202588224252e-05,0.0,899.9981146476123,899.9985025549709,-0.0005553616795649662,-5.3672199211614134e-05
5.51999999999997,0.10019306826254565,-3.104413769329854e-08,81.06917699514686,6.2831853066323315,6.282523685582259,0.0,0.041287844014624056,-1.3698365890486709e-08,17.23026781279782,-3.5435193363798587e-10,-3.3637999668918625e-05,0.0,899.9966196477444,899.9991674754208,-0.0014270739999545853,-0.0009998395622411215
5.579999999999969,0.1026819964755929,-3.1875777095273166e-08,82.10300106151132,6.283185306610921,6.28252287807987,0.0,0.041676544717990545,-1.4024806524092662e-08,17.230530393133282,-3.6194100124051e-10,2.5453564765580522e-05,0.0,899.9970332414852,899.9994261423748,-0.0007434960706041695,0.00022754002707801846
5.639999999999968,0.10519424746105069,-3.272738221750991e-08,83.13684014521782,6.283185306589099,6.2825262406969,0.0,0.04206493101838683,-1.4363927837936935e-08,17.230768761802082,-3.672501987205492e-10,0.00011397041545756757,0.0,899.9969116582253,900.0004943502229,-0.0006222369460994812,-2.1395468861640167e-05
5.699999999999966,0.10772972369529378,-3.3599720658235034e-08,84.17069278919902,6.2831853065670575,6.282534319685418,0.0,0.042450282996730745,-1.4715940681266938e-08,17.230982776111745,-3.675072828186535e-10,0.00017449023935844267,0.0,899.9971476075218,899.9995948712135,-0.00013684283893754414,0.0009527297728993776
5.759999999999965,0.11028816486508981,-3.449356900674933e-08,85.20455770626548,6.283185306544864,6.282545870922522,0.0,0.04283011878954724,-1.5080932246333052e-08,17.231178150737506,-3.745681244596212e-10,0.00022742078363469545,0.0,899.9980281394982,900.0001667661286,-0.0007171544581727348,0.0021119819661865255
5.819999999999964,0.1128691801928459,-3.540970980284962e-08,86.23843375022213,6.283185306522359,6.282560161143756,0.0,0.04320249717833281,-1.545905417061845e-08,17.231353972246676,-3.7608761252943233e-10,0.0002592513885899712,0.0,899.9983058814241,899.9995891213202,-0.0003326849191091014,0.0014744919304220186
5.879999999999963,0.11547227773767453,-3.634893529512361e-08,87.2723197346885,6.283185306499796,6.282576106207529,0.0,0.043566037291341585,-1.585042870266971e-08,17.231509806906157,-3.760876125275406e-10,0.00027859693549241735,0.0,899.9976581666763,899.9984352549739,0.0011417404506061583,0.0012467320154601737
5.939999999999961,0.11809689924969873,-3.73120412091986e-08,88.3062146395552,6.2831853064776695,6.282594575805195,0.0,0.04391979930384413,-1.6255049221782777e-08,17.231651535254407,-3.5423760625604857e-10,0.0003633068652465601,0.0,899.9966838920172,900.000106582747,-0.0003513720161390367,-0.0013095850766232234
5.99999999999996,0.12074240208059092,-3.8299810279670756e-08,89.34011778700807,6.283185306457472,6.282617559284599,0.0,0.0442616631356197,-1.6672392636578448e-08,17.231784693464018,-3.013575322590812e-10,0.0004211723879941736,0.0,899.9988971310662,900.0012311570615,-0.0009960021114597253,-0.002200862534509986
6.059999999999959,0.12340799739758836,-3.931296662839423e-08,90.37402856805916,6.283185306439563,6.282643725771557,0.0,0.044589258503817196,-1.710105391376347e-08,17.231906168943226,-2.927470720677038e-10,0.0004651782453542271,0.0,899.9995822907981,900.0013539231363,-0.0009521151370472257,-0.0012384295318073858
6.1199999999999575,0.12609277509641534,-4.0352156707924554e-08,91.40794628401946,6.283185306422627,6.282672723545081,0.0,0.04490083642926967,-1.754011866411396e-08,17.232016036134553,-2.6139826118880185e-10,0.0005183604079268809,0.0,899.9994560898778,900.0015981816586,-0.00018418329185587582,-0.0015222895891180363
6.179999999999956,0.12879572172956472,-4.1417983401194004e-08,92.44187027877575,6.283185306407557,6.2827056967813775,0.0,0.04519457447148896,-1.7988777738608695e-08,17.232115621556343,-2.3077419761916946e-10,0.0006085621753023402,0.0,899.9988226306464,900.0024621134562,-0.00046591149785209576,-0.0015645207444957739
6.239999999999955,0.13151568995780533,-4.2510989826576594e-08,93.47579999627888,6.2831853063939676,6.2827439907152005,0.0,0.045467753953394544,-1.844596502001173e-08,17.232206924485922,-2.178916414716867e-10,0.0006945054814948427,0.0,899.9993350498604,900.0028000824218,0.0007025596138730331,-0.0009686914996617624
6.299999999999954,0.13425135246736228,-4.36316647171375e-08,94.50973488399617,6.283185306381146,6.282787806007267,0.0,0.04571724916939326,-1.891099283959542e-08,17.232288120117513,-2.0529465711756968e-10,0.0007973586243058146,0.0,899.9985709853007,900.0027186026389,-0.000181697867193081,-0.0009749750433214856
6.359999999999952,0.13700118773861394,-4.4780464646674315e-08,95.54367440729565,6.283185306369722,6.282837428663726,0.0,0.045939656710996715,-1.9383372739964272e-08,17.232361566593713,-1.6048734172776412e-10,0.0008833455028650478,0.0,899.998918499933,900.0023810157722,0.001552357062798813,-0.0018065872001105582
6.419999999999951,0.13976347124030555,-4.5957799501765046e-08,96.5776182199244,6.2831853063620855,6.282891544480464,0.0,0.04613176967557704,-1.98618744897119e-08,17.232431160484044,-6.084613931701472e-11,0.0009378679393560508,0.0,900.0005531092505,900.0027399521213,0.0008351564036997124,-0.0026940394231224005
6.47999999999995,0.14253631035433356,-4.716395900000581e-08,97.61156602105653,6.283185306361371,6.282950137020066,0.0,0.046291168257584385,-2.034363167038525e-08,17.232494613826137,8.595866577747122e-11,0.0010487792016526185,0.0,899.999552283265,900.0040206126778,0.001202974641965678,-0.0032700515737376368
6.5399999999999485,0.14531765315576803,-4.839900757586498e-08,98.64551740893036,6.283185306369427,6.283014984408865,0.0,0.04641466267205901,-2.0824077250121077e-08,17.23255083408713,2.3077232039504765e-10,0.0011412588232651132,0.0,899.9995174489814,900.0032371565462,0.002617608094083389,-0.0032477995980831386
6.599999999999947,0.14810523714512316,-4.96627135246617e-08,99.67947193383584,6.283185306383858,6.283086216074526,0.0,0.046498682822831934,-2.1298220650044388e-08,17.232599304822035,2.5991988323578384e-10,0.0012719633560102678,0.0,899.9979350430185,900.0032001079009,0.0020901774906873106,-0.0014570873589652667
6.659999999999946,0.1508965743746021,-5.095460782547311e-08,100.71342927477167,6.283185306399453,6.283164866134587,0.0,0.04653910474293547,-2.1763562170539603e-08,17.232644754226428,2.5991988323488024e-10,0.0013834142397651295,0.0,899.9987701508526,900.0032528995752,0.0009955158095134094,9.988849907550858e-05
6.719999999999945,0.1536889216393661,-5.227414714546852e-08,101.7473891585454,6.283185306414971,6.403524978182418e-05,0.0,0.046531805916257475,-2.2219724874536988e-08,17.23268416372848,2.5615878798015586e-10,0.0014548675438830786,0.0,899.9989560490895,900.0018171730015,-0.0007584776698480479,-0.0005489360895271002
6.779999999999943,0.15647932019655725,-5.362078285446524e-08,102.78135138527267,6.28318530643034,0.00015204238836030726,0.0,0.04647380722624743,-2.2666791423815354e-08,17.232722867398316,2.561587879792783e-10,0.0014901086021229628,0.0,900.0005673624162,900.0019609795163,0.0006984424535453066,0.001096809736057613
6.839999999999942,0.15926467212468423,-5.499397096038607e-08,103.81531580381974,6.283185306445851,0.00024208416976811975,0.0,0.04636340369608016,-2.3104798566544408e-08,17.232757292171815,2.6327985858897726e-10,0.0015214659253729801,0.0,900.0003562923852,900.0015919185182,0.00193145678814835,-0.0007202066264304619
6.899999999999941,0.16204179755500916,-5.6393163556888604e-08,104.84928209589975,6.283185306462542,0.0003344045790694139,0.0,0.046199408298443115,-2.3533537929972695e-08,17.232785416961914,3.0791478505764993e-10,0.001572029389201982,0.0,899.9988950856878,900.0009075302514,0.0009809868354522823,-0.0018031085745769983
6.95999999999994,0.16480743737118844,-5.7817776415709136e-08,105.88325006566336,6.283185306482814,0.00042941398056939306,0.0,0.04598030021388206,-2.395186763529388e-08,17.232813222711346,3.977111705818838e-10,0.0016059363124920542,0.0,899.9998646953467,900.0012017485344,-0.00012031099297216759,-0.0025603180160728217
7.019999999999938,0.16755824028473737,-5.926711376350483e-08,106.91721968116701,6.283185306507988,0.0005263882896358041,0.0,0.04570467028382413,-2.4357238897946378e-08,17.232840288324578,4.6319082304889624e-10,0.0016364583038268672,0.0,900.0004162844066,900.0016155712046,0.0007571395764741215,-0.0021839246473331323
7.079999999999937,0.17029078088434546,-6.074031612446524e-08,107.9511907862838,6.283185306536748,0.0006252273051208235,0.0,0.045371395071720826,-2.4747040522215382e-08,17.23286294545298,5.116211675013422e-10,0.0016686073431552203,0.0,899.9996699245747,900.0009344158714,-0.0011493246722311687,-0.0022019548908199828
7.139999999999936,0.17300156725987045,-6.223638981941557e-08,108.98516333066267,6.2831853065675976,0.0007257393221742348,0.0,0.04497937255349084,-2.5119398951362332e-08,17.232888225286995,5.192956625889642e-10,0.001688228092874619,0.0,900.0013107609628,900.002067384613,-0.002136510315312183,-0.002263555888024245
7.1999999999999345,0.17568704765016363,-6.37542582776545e-08,110.0191372474041,6.283185306599471,0.0008271468072287291,0.0,0.04452777228021669,-2.5473467879725576e-08,17.23290876382721,5.550169782052256e-10,0.00169390531180049,0.0,900.0007119511461,900.0009036896653,-0.0023270665441970104,-0.0028314613397962965
7.259999999999933,0.17834363425825228,-6.529280029586669e-08,111.05311249622511,6.283185306634696,0.0009285330949113657,0.0,0.04401623321041165,-2.5808278021076272e-08,17.232932577733774,6.511601355400213e-10,0.001681437510427387,0.0,900.0026055106986,900.002062581665,-0.0019777866008270197,-0.0033037389784170493
7.319999999999932,0.18096773558590565,-6.685079183535213e-08,112.08708913756169,6.283185306672886,0.0010275890711852753,0.0,0.04344506207303238,-2.6121404448550618e-08,17.232955197265593,6.071661082383476e-10,0.0015861274453701215,0.0,900.0044875745754,900.0005913080546,-0.0024732946329395463,-0.0017066542700680768
7.379999999999931,0.18355583116424357,-6.842690635764075e-08,113.12106708865214,6.2831853067066525,0.0011196689600838639,0.0,0.04281659199028528,-2.6412685346884257e-08,17.232976253754387,4.740106103272151e-10,0.0014202557732029472,0.0,900.0059739299612,899.999223275422,-0.003151108685864808,-0.00048006446807523557
7.439999999999929,0.18610462035603134,-7.00199265203308e-08,114.15504621821495,6.283185306733996,0.0012025505107420287,0.0,0.04213569382574788,-2.6685554352539313e-08,17.232994512906078,4.191125324092159e-10,0.0012972464415856478,0.0,900.0047380496694,899.999726168308,-0.00205338767219773,-0.00046651278297913854
7.499999999999928,0.18861111275734507,-7.16288461149136e-08,115.18902638516967,6.283185306758973,0.0012777774725769575,0.0,0.041407357344556625,-2.6942913192898043e-08,17.233010854877737,4.1063697177794344e-10,0.0011588587642169823,0.0,900.0048922324195,899.9992605204404,-0.0007857215853739701,0.001387779307243972
7.559999999999927,0.19107260056131994,-7.325276769721594e-08,116.2230074410093,6.283185306783594,0.0013460282374060384,0.0,0.040636216527792986,-2.7185658282715642e-08,17.233024180260394,4.095598658631978e-10,0.001093005749698025,0.0,900.0028732589802,900.0001809407493,-0.0002801003630528775,0.0005181123205570751
7.6199999999999255,0.19348662567089342,-7.489081943658775e-08,117.25698928205807,6.283185306808166,0.0014103193890155907,0.0,0.03982561514205016,-2.7413923546827158e-08,17.23303703075306,4.095598658609545e-10,0.001026706464060383,0.0,900.0030615898904,900.0003526734987,0.0015296120323094312,0.0008265554752912992
7.679999999999924,0.19585089064401595,-7.654213319652401e-08,118.29097192889799,6.283185306832738,0.0014711727258847063,0.0,0.038977872328565144,-2.7627725626534696e-08,17.233051017788217,4.095598658587112e-10,0.0009886456474703636,0.0,900.0031784434681,900.0016141497358,0.002657059700560972,0.00043067746700067334
7.739999999999923,0.1981632226383517,-7.82058411621909e-08,119.32495538529679,6.283185306857311,0.0015303532960055932,0.0,0.03809469064926587,-2.782706374970154e-08,17.233064027522666,4.0955986585646787e-10,0.0009817163527412753,0.0,900.0026070528645,900.0023038655869,0.003106824379986088,0.0021673500595802485
7.799999999999922,0.2004215200222236,-7.988107548183234e-08,120.35893954284172,6.283185306881883,0.001588242321700406,0.0,0.037176793367070575,-2.801193745102534e-08,17.233074426593546,4.0955986585422456e-10,0.0009298931831946549,0.0,900.0030293500824,900.0009089410876,0.001416365494868861,0.002202570173815616
7.85999999999992,0.2026237310257989,-8.156696830866751e-08,121.39292429476043,6.283185306906455,0.0016433806828546338,0.0,0.036225402894737455,-2.8182347332636765e-08,17.233083850514177,4.0955986585198124e-10,0.0008966676182843523,0.0,900.002613382728,900.0012469982968,0.0007047119958547312,0.0011142924389561813
7.919999999999919,0.2047678906820261,-8.32626519777016e-08,122.42690957855383,6.283185306930779,0.0016979080536367874,0.0,0.03524186335749126,-2.833830978878582e-08,17.233092169616256,3.9715639715756716e-10,0.0009325026627710515,0.0,900.0011121666253,900.0025422137142,-0.0009505085859468751,0.0012213598483078447
7.979999999999918,0.20685206882099924,-8.49672663460673e-08,123.46089519502571,6.283185306954232,0.0017542537071104647,0.0,0.03422584614741301,-2.848010752198541e-08,17.233095022781537,3.783196313599034e-10,0.0009521194251833026,0.0,899.9999159857597,900.0006886866003,-0.0011713525729711363,0.0014961670974997301
8.039999999999917,0.20887428811365846,-8.667997822201254e-08,124.49488098918218,6.283185306976442,0.0018105802642542912,0.0,0.03317651813402322,-2.8608330334360558e-08,17.233098087592527,3.537813765352027e-10,0.0009113928827459169,0.0,900.0012541762931,899.9995836380798,-0.0013369227170461826,0.0016859278632550677
8.099999999999916,0.21083256127636404,-8.839999576284338e-08,125.5288668980165,6.283185306997668,0.001865166098885318,0.0,0.032094493254442094,-2.8723736811394894e-08,17.233098876190315,3.5373317667500745e-10,0.0009064953675915365,0.0,899.9998646624554,899.9996454583771,-5.925259135568044e-05,0.0032680378716804055
8.159999999999915,0.21272495155858548,-9.012656339317889e-08,126.56285269327151,6.28318530701808,0.0019186974415061897,0.0,0.03098048122360551,-2.8826702230258487e-08,17.233094379428046,3.1315252127150937e-10,0.0008627745322022481,0.0,899.9989627114564,899.9971719803984,-0.0017192696442085132,0.0021927335312994733
8.219999999999914,0.2145495651651545,-9.18589563967011e-08,127.59683829998862,6.283185307036197,0.0019699368132384265,0.0,0.029835487404386733,-2.8918121992426222e-08,17.233092546775584,2.7946857123071825e-10,0.0008361202015327384,0.0,899.9993059965844,899.9982071334929,-0.0015663758334641229,0.0019070578401039632
8.279999999999912,0.21630458099677694,-9.359652146640903e-08,128.63082370722924,6.283185307051992,0.002019867716600565,0.0,0.0286606836886122,-2.8999293811248768e-08,17.233087771667307,2.3076148877585074e-10,0.0008242445307626218,0.0,899.9979992054207,899.9974992087203,-0.0018835646227923061,0.0018490976957885473
8.339999999999911,0.21798823036891166,-9.533868738462393e-08,129.6648089100255,6.28318530706505,0.0020696645394497892,0.0,0.027456643233063915,-2.907173034845927e-08,17.23308568834253,1.913998731180116e-10,0.000841233919386023,0.0,899.9981181039363,899.9987868832792,-0.0016932493790525317,0.003973731278632284
8.39999999999991,0.21959875560526912,-9.708497695802881e-08,130.69879401808274,6.283185307075264,0.002121529962220592,0.0,0.026223076342733576,-2.9136975983119527e-08,17.23308459744896,1.2779366857815223e-10,0.000908903671715172,0.0,899.9973417989502,900.0000618236326,-0.0021524556286549035,0.0028631084658630084
8.459999999999908,0.22113433957543008,-9.883501264529183e-08,131.73277903147456,6.283185307082794,0.002177318351609614,0.0,0.02495825224262437,-2.919688427625522e-08,17.233082547989067,1.2090938350765763e-10,0.000970061230489419,0.0,899.9971329336307,899.9995878114863,-0.0007081314608536646,0.0033260477970818137
8.519999999999907,0.222593038911612,-1.0058851147937693e-07,132.7667639160677,6.283185307089521,0.0022362492730580996,0.0,0.02365995842030095,-2.9252467418130167e-08,17.233080306912225,9.455362236171993e-11,0.0010058930518650753,0.0,899.9975189533477,899.9989472280469,-0.001385550145615974,0.004145334756891629
8.579999999999906,0.2239727943904418,-1.0234523249495891e-07,133.80074868743813,6.2831853070934365,0.0022972921576567273,0.0,0.02232660449862687,-2.9304481777977673e-08,17.23307876194341,6.76753469874544e-12,0.0010398809746317863,0.0,899.9977081051773,899.9990609329722,-0.002528700031718345,0.00258292468281447
8.639999999999905,0.2252714656632826,-1.0410502258026292e-07,134.83473330526658,6.283185307091891,0.00236031921632307,0.0,0.020956976146969997,-2.9355237458706924e-08,17.233075217682547,-9.069141936458603e-11,0.0010711864739294205,0.0,899.9970796616229,899.9983231412392,-0.002664374938145109,0.0028023689856045302
8.699999999999903,0.2264868414846637,-1.0586790354499484e-07,135.86871784047457,6.283185307085844,0.0024249305408510224,0.0,0.019549938997626803,-2.9407962306109388e-08,17.233075940840287,-1.2095411199140534e-10,0.001088076482792772,0.0,899.9986279099035,899.9992871240194,-0.0014846984331994269,0.0017084371681283408
8.759999999999902,0.22761665206013432,-1.0763406109291616e-07,136.9027024249193,6.283185307077401,0.002490913394742833,0.0,0.018104697377998993,-2.946464045267177e-08,17.233076853404544,-1.8028744388878366e-10,0.0011225001921024217,0.0,899.9983671830098,899.9997358162223,-0.0020789011302246706,0.003750822817988223
8.8199999999999,0.228658577832267,-1.094037795417979e-07,137.9366870660189,6.283185307066187,0.002558883558568148,0.0,0.016620269010455317,-2.9526935033587423e-08,17.2330778261927,-2.0007027053706795e-10,0.001153120868183363,0.0,899.9985080951915,899.9997220081931,-0.0012004073323335636,0.0018613840215593006
8.8799999999999,0.22961023308128675,-1.1117743733658998e-07,138.97067187674008,6.283185307054145,0.002628482285591538,0.0,0.015095529342603959,-2.9596039809891805e-08,17.233082449162712,-2.020025238202684e-10,0.0011735236551334168,0.0,899.9999301419364,900.0007297343221,-0.0003751599711817779,0.0007929060103341998
8.939999999999898,0.23046917269872103,-1.1295545579202323e-07,140.00465694098028,6.283185307039933,0.0026992080223413595,0.0,0.013529645954453422,-2.967239029707103e-08,17.23308628555938,-3.0660099102078e-10,0.0011891398192955067,0.0,899.9999475690811,900.0005529374591,-0.0027602417912851165,0.00045907029341410243
8.999999999999897,0.231232909046799,-1.1473832560783675e-07,141.03864220320398,6.283185307021196,0.0027710316047429018,0.0,0.011921998708789575,-2.9758222559366525e-08,17.233089061222245,-3.2372579223786e-10,0.0012126716182326127,0.0,899.9996029417462,900.0005284028254,-0.0011168561404830736,0.0013474345506550361
9.059999999999896,0.23189891667000737,-1.1652667934127939e-07,142.07262752047353,6.283185307001771,0.0028428658015098307,0.0,0.010271959711047527,-2.985526236446792e-08,17.233088172315476,-3.237257922364584e-10,0.0011654309866698986,0.0,899.9999953424638,899.9980552847917,6.279621804775623e-05,0.0022957287583690754
9.119999999999894,0.23246466501670146,-1.1832119830979275e-07,143.10661278436746,6.283185306982574,0.0029115128545571523,0.0,0.008580286769335334,-2.996372040276584e-08,17.233087275671593,-3.1236022960136154e-10,0.001099681402468691,0.0,900.0003916062972,899.9977033215988,0.0004487114631403822,-0.0009098712377829249
9.179999999999893,0.23292771629164277,-1.2012256167095364e-07,144.1405980410799,6.283185306963832,0.002975808553791204,0.0,0.006849087071400628,-3.0083359293895774e-08,17.233087902603724,-3.1236020616130484e-10,0.0010122244829241513,0.0,900.0013542513738,899.9977886813573,5.052766287481187e-06,-1.3066272374114962e-06
9.239999999999892,0.233285780932034,-1.2193143430430929e-07,145.17458322422846,6.283185306945075,0.003034522922592764,0.0,0.005081205895821577,-3.021403017262393e-08,17.233084871615564,-3.130919584380959e-10,0.0009066086918823124,0.0,900.0006556183791,899.9963568965375,-0.00023086947129951328,0.00033308170249817936
9.29999999999989,0.23353675998395945,-1.2374847879334418e-07,146.20856831624963,6.283185306925905,0.0030869872308700863,0.0,0.003280119762697465,-3.0355774228235573e-08,17.233084811851683,-3.323365390419107e-10,0.0008057467556357924,0.0,900.0015083603281,899.9974044606131,-0.0012307658906855648,-0.0003361735643657326
9.35999999999989,0.2336787716811439,-1.255743709310013e-07,147.24255326025644,6.283185306904434,0.0031339319449950054,0.0,0.0014494694852401858,-3.050910258828742e-08,17.23308000301929,-4.0885026496754105e-10,0.0007335621400507205,0.0,899.999523765593,899.9965830446454,-0.0025282502968527083,-0.0009048771434465106
9.419999999999888,0.23371013378440067,-1.2740985745998417e-07,148.27653791450388,6.283185306877522,0.0031774555824783945,0.0,-0.0004078587004352112,-3.067602454554402e-08,17.233075148207433,-5.279291482356939e-10,0.0007087990053536224,0.0,899.9985245764681,899.9975051940291,-0.003580138193462223,-0.002035608918374838
9.479999999999887,0.233629297006988,-1.292558573712386e-07,149.31052234791412,6.283185306844276,0.0032198681147761476,0.0,-0.002290379121050671,-3.0860136497375434e-08,17.233072602523247,-6.06432422878583e-10,0.0007030139386438202,0.0,899.9988608638422,899.998610308291,-0.0035775518166784636,-0.0026609606701959387
9.539999999999885,0.23343476617586828,-1.3111350617466306e-07,150.344506697608,6.283185306806798,0.003261680382116161,0.0,-0.004197619027738515,-3.1064710826707506e-08,17.233072319589574,-6.60969677987209e-10,0.0006844394184980164,0.0,899.9999052750331,899.9991371130945,-0.0028119396454404843,-0.0019835624734483356
9.599999999999884,0.2331250716646526,-1.3298410227194649e-07,151.37849097584527,6.283185306765475,0.0033021336374758903,0.0,-0.006129060527743627,-3.129202337107324e-08,17.23307024401185,-7.44217532327302e-10,0.0006533780504283411,0.0,899.9997288073473,899.9984555790991,-0.0024660854548224018,-0.00013348322378588175
9.659999999999883,0.23269878772069108,-1.348690827297235e-07,152.41247510021086,6.283185306719757,0.0033406670650846237,0.0,-0.008083768072113024,-3.154459866844898e-08,17.233067201109893,-7.974621047794281e-10,0.0006194308644833733,0.0,899.9995734320689,899.9981840878614,-0.00210548468274049,-0.0007448087356325764
9.719999999999882,0.23215455286109155,-1.3677003656359653e-07,153.4464591565716,6.283185306669218,0.0033763634626300387,0.0,-0.01006054611959747,-3.182481891858563e-08,17.233067915660122,-9.320045119775571e-10,0.0005435494807316106,0.0,900.0016930253479,899.9986068949197,-0.0031305025629546727,0.00012699744752808306
9.77999999999988,0.23149110146245916,-1.3868872284515346e-07,154.48044316160386,6.283185306609898,0.003407824056822939,0.0,-0.012057267730982965,-3.213641493243435e-08,17.233065532540962,-1.1019296321397077e-09,0.00048446894191029276,0.0,900.0005644818652,899.9981602089169,-0.003599035404327344,-0.0007587744641916144
9.839999999999879,0.23070730792471933,-1.4062718476573357e-07,155.51442698762477,6.283185306541739,0.003436821854648109,0.0,-0.01407168715713473,-3.248483658880623e-08,17.23306196282804,-1.2041728758419953e-09,0.0004809463936430891,0.0,899.9991733051997,899.9990194615167,-0.0027289889454425635,0.0005653391201642735
9.899999999999878,0.22980214289959805,-1.4258777639539044e-07,156.54841059837938,6.283185306466226,0.0034664556131236424,0.0,-0.01610300369218732,-3.28746601975258e-08,17.2330583551342,-1.3672931597334902e-09,0.0005191905285921435,0.0,899.9983974581247,899.9999344764802,-0.0034469775203829715,3.458063674677259e-05
9.959999999999877,0.22877457301642476,-1.4457312543530462e-07,157.58239395988184,6.283185306376918,0.00349918799654958,0.0,-0.018152087312185986,-3.3311111722696576e-08,17.23305366917842,-1.730912287224294e-09,0.0005958021752536431,0.0,899.9973622182873,900.0004515392228,-0.005173457456826577,-0.0005279261391485595
10.019999999999875,0.22762347020762877,-1.4658630753349302e-07,158.61637707569116,6.283185306269456,0.003536336782747007,0.0,-0.020221162190020806,-3.380417163084387e-08,17.233050146161286,-1.911308676816581e-09,0.0006639106637262111,0.0,899.9979601067847,900.0007034546096,-0.0036410518968382796,-0.00034236859712002206
